# nanoseconds
network.writeCost=0
# nanoseconds
network.readCost=0
# bit/s
network.networkBandwidth=1000000000
# NetworkDelay
network.delay.real_degree=4
network.delay.minha_degree=2
network.delay.real_coef=179181.393310797,75.95146695852742,0.10094977229675428,-4.5838812038688005E-5,5.202275715143598E-9
network.delay.minha_coef=1719.0068433125239,14.766913062113613,1.8682245640602526E-4

