#Thu Jun 13 09:21:00 WEST 2013
writeStable=2648.343917928676
writeDecl=1.6560820713238886
bucketSize=8388608
diskDebit=52099
readStable=1560.258915486077
readDecl=0.5563877778456278
